  |  0    1    2    3    4  
--+----------------------
0 |                         

1 |                         

2 |                         

3 |                         

4 |                         

  |  0    1    2    3    4  
--+----------------------
0 |                         

1 |                         

2 |                         

3 |                         

4 |                         

  |  0    1    2    3    4  
--+----------------------
0 |                         

1 |                         

2 |                         

3 |                         

4 |                         

  |  0    1    2    3    4  
--+----------------------
0 |                         

1 |                         

2 |                         

3 |                      W  

4 |                         

  |  0    1    2    3    4  
--+----------------------
0 |                         

1 |                         

2 |                         

3 |                      W  

4 |                         

  |  0    1    2    3    4  
--+----------------------
0 |                         

1 |                         

2 |                         

3 |                      W  

4 |                         

  |  0    1    2    3    4  
--+----------------------
0 |                         

1 |                         

2 |                         

3 |                      W  

4 |                         

  |  0    1    2    3    4  
--+----------------------
0 |                         

1 |                         

2 |                         

3 |                      W  

4 |                         

  |  0    1    2    3    4  
--+----------------------
0 |                         

1 |                         

2 |                         

3 |                      W  

4 |                         

  |  0    1    2    3    4  
--+----------------------
0 |                         

1 |                         

2 |                         

3 |                      W  

4 |                         

  |  0    1    2    3    4  
--+----------------------
0 |                         

1 |                         

2 |                         

3 |                      Q  

4 |                         

  |  0    1    2    3    4  
--+----------------------
0 |                         

1 |                         

2 |                         

3 |                      Q  

4 |                         

  |  0    1    2    3    4  
--+----------------------
0 |                         

1 |                         

2 |                         

3 |                      Q  

4 |                         

  |  0    1    2    3    4  
--+----------------------
0 |                         

1 |                         

2 |                         

3 |                      Q  

4 |                         

  |  0    1    2    3    4  
--+----------------------
0 |                         

1 |  B                      

2 |                         

3 |                      Q  

4 |                         

  |  0    1    2    3    4  
--+----------------------
0 |                         

1 |  B                      

2 |                         

3 |                      Q  

4 |            R            

  |  0    1    2    3    4  
--+----------------------
0 |                         

1 |  B         F            

2 |                         

3 |                      Q  

4 |            R            

  |  0    1    2    3    4  
--+----------------------
0 |                         

1 |  B         F            

2 |                         

3 |                      Q  

4 |            R            

  |  0    1    2    3    4  
--+----------------------
0 |                         

1 |  B         F            

2 |                         

3 |                      Q  

4 |            R            

  |  0    1    2    3    4  
--+----------------------
0 |                         

1 |  B         F            

2 |                         

3 |                      Q  

4 |            R          